2,130552
3,87456
4,244336
5,343936
6,89488
7,92284
8,655812
9,246944
10,90376
11,86264
12,331152
13,90220
14,84476
15,88444
16,165320
17,258216
18,90984
19,412452
20,85868
21,172896
22,83460
23,85100
24,179408
25,85852
26,341976
27,423444
28,83708
29,404044
30,164660
31,172276
32,85436
33,83220
34,681496
35,89216
36,84752
37,81936
38,255384
39,313544
40,510876
41,248964
42,88808
43,174348
44,513100
45,249396
46,334108
47,174892
48,85376
49,167016
50,81200
51,161456
52,92548
53,94208
54,84232
55,683748
56,87292
57,172104
58,87804
59,172464
60,169796
61,515144
62,85368
63,160372
64,423016
65,172212
66,163336
67,166336
68,165800
69,328688
70,86976
71,87624
72,252792
73,89996
74,87176
75,86452
76,670632
77,173648
78,84820
79,88508
80,248928
81,86836
82,502260
83,84748
84,170632
85,170192
86,91940
87,86988
88,250436
89,168596
90,84416
91,86892
92,89176
93,81976
94,336816
95,169204
96,172132
97,170092
98,658208
99,334680
100,85580
101,170152
102,419632
103,89008
104,168968
105,83400
106,171496
107,175288
108,87636
109,177356
110,86980
111,85540
112,81904
113,416076
114,253568
115,87848
116,166068
117,174428
118,89588
119,88904
120,81496
121,253788
122,832876
123,81744
124,88948
125,169340
126,85164
127,324724
128,83656
129,167304
130,333588
131,86208
132,83524
133,173780
134,85824
135,167488
136,171156
137,255420
138,87968
139,159416
140,165312
141,589520
142,83848
143,253156
144,85040
145,253412
146,418304
147,85556
148,85472
149,85104
150,263572
151,86908
152,402512
153,164864
154,89872
155,89492
156,170184
157,82720
158,84416
159,431308
160,255008
161,255884
162,335740
163,346568
164,86776
165,254600
166,169668
167,420124
168,332008
169,88304
170,165936
171,343804
172,417856
173,80412
174,326304
175,166352
176,258564
177,252404
178,418112
179,169840
180,166736
181,87924
182,428988
183,169596
184,89892
185,585180
186,247200
187,86032
188,164952
189,255216
190,90004
191,82600
192,167776
193,499652
194,501348
195,335632
196,163224
197,165124
198,403880
199,163928
200,166056
201,81424
202,250124
203,168556
204,166396
205,580872
206,89240
207,83996
208,324156
209,335584
210,81892
211,88280
212,441252
213,87984
214,84980
215,88132
216,172824
217,167556
218,167380
219,332560
220,256856
221,173344
222,90680
223,85564
224,169340
225,173432
226,90820
227,85432
228,254996
229,89824
230,86420
231,87500
232,329364
233,406152
234,168228
235,83120
236,91268
237,170732
238,85792
239,252036
240,86540
241,253952
242,85652
243,87336
244,258368
245,85444
246,82312
247,84224
248,165712
249,85760
250,85692
251,84400
252,166668
253,83980
254,83252
255,340792
256,80884
257,331044
258,87656
259,170180
260,410460
261,243620
262,662816
263,263520
264,176804
265,256972
266,85676
267,81880
268,249524
269,170636
270,84120
271,161284
272,85608
273,90340
274,170076
275,248688
276,82876
277,171312
278,164644
279,341464
280,337984
281,415680
282,163720
283,245808
284,168744
285,81316
286,167196
287,171212
288,80768
289,84008
290,171128
291,86740
292,336352
293,174200
294,84488
295,84924
296,85296
297,80164
298,87984
299,167568
300,162168
301,173220
302,169752
303,258140
304,172720
305,168224
306,410848
307,170892
308,252372
309,81824
310,420120
311,165888
312,171240
313,169668
314,165796
315,162536
316,82372
317,80864
318,590848
319,85388
320,249704
321,170056
322,166040
323,171548
324,168340
325,412336
326,85708
327,85856
328,83060
329,85596
330,164156
331,86272
332,422716
333,161772
334,161196
335,85092
336,87528
337,579108
338,252304
339,88500
340,81976
341,82380
342,84292
343,89944
344,90984
345,172808
346,81684
347,81044
348,84240
349,87640
350,88872
351,82848
352,173204
353,247368
354,256516
355,161904
356,336128
357,87428
358,345668
359,255036
360,82660
361,248076
362,164520
363,255244
364,252028
365,338572
366,515008
367,249836
368,164784
369,346548
370,79552
371,244632
372,250928
373,83412
374,247140
375,254712
376,87328
377,172632
378,84820
379,87152
380,247444
381,257176
382,84704
383,329940
384,167564
385,85500
386,163892
387,85400
388,331016
389,170456
390,172132
391,83772
392,251796
393,90880
394,86608
395,86300
396,253068
397,426396
398,432732
399,169876
400,173772
401,87512
402,592336
403,88984
404,166988
405,84908
406,260664
407,752908
408,87000
409,321620
410,86812
411,83876
412,245020
413,85152
414,169932
415,80412
416,506656
417,167700
418,84024
419,335132
420,85616
421,78184
422,165432
423,84972
424,85060
425,84184
426,174780
427,347960
428,261292
429,81956
430,161756
431,90572
432,90224
433,169164
434,89632
435,758020
436,86576
437,175992
438,85644
439,426856
440,412912
441,258964
442,253764
443,87792
444,255096
445,249148
446,171680
447,84108
448,166056
449,167056
450,421204
451,89420
452,85676
453,253680
454,85080
455,81948
456,86664
457,255132
458,90700
459,85272
460,87516
461,85312
462,89640
463,164920
464,81796
465,84692
466,80724
467,330612
468,166836
469,84372
470,86888
471,87252
472,339656
473,87764
474,495840
475,338972
476,164296
477,260372
478,168356
479,85052
480,167728
481,87068
482,168476
483,84012
484,88600
485,85300
486,83452
487,87960
488,171608
489,587184
490,88692
491,84920
492,84032
493,424260
494,171428
495,248248
496,85988
497,171076
498,85628
499,417084
500,167804
501,332592
502,86832
503,85428
504,80984
505,81872
506,169876
507,175016
508,86348
509,84204
510,245484
511,168788
512,168540
513,82576
514,85888
515,84144
516,497464
517,85148
518,250836
519,424624
520,83780
521,250680
522,176040
523,87964
524,169548
525,249080
526,242448
527,80356
528,86380
529,88852
530,165248
531,163752
532,170868
533,418872
534,163128
535,87380
536,89684
537,161516
538,165464
539,249228
540,253036
541,88764
542,334048
543,85604
544,173148
545,167496
546,330668
547,174336
548,162308
549,78164
550,164120
551,245864
552,249288
553,85352
554,160264
555,88600
556,84164
557,165328
558,247280
559,88852
560,331988
561,585364
562,174440
563,82332
564,167996
565,86512
566,84644
567,420352
568,86096
569,162644
570,89828
571,82568
572,502888
573,414436
574,166000
575,162684
576,166420
577,169536
578,172836
579,84856
580,174672
581,254288
582,167304
583,247064
584,253044
585,86744
586,85716
587,161736
588,828900
589,327512
590,419836
591,408752
592,88604
593,84896
594,165932
595,427212
596,246008
597,84200
598,88944
599,84204
600,84764
601,82740
602,80308
603,84476
604,340232
605,412640
606,408208
607,81540
608,164560
609,161900
610,258232
611,826236
612,86636
613,253876
614,252024
615,250788
616,85536
617,88176
618,89324
619,332444
620,88880
621,255184
622,253060
623,512080
624,85528
625,421036
626,83060
627,166744
628,163528
629,87124
630,341340
631,408964
632,88972
633,169248
634,85868
635,173660
636,170272
637,165172
638,87336
639,87612
640,84260
641,169872
642,250592
643,493936
644,87460
645,164504
646,323620
647,83672
648,81976
649,87212
650,91152
651,246376
652,85132
653,325720
654,84304
655,167704
656,331184
657,84068
658,258884
659,167400
660,84784
661,88500
662,168416
663,162364
664,81324
665,253952
666,170660
667,163340
668,84072
669,249280
670,83980
671,161132
672,749280
673,265000
674,165564
675,83500
676,85752
677,172768
678,569592
679,82360
680,83172
681,86028
682,83956
683,83944
684,80728
685,250300
686,94240
687,86320
688,175396
689,166632
690,171280
691,86388
692,259052
693,86944
694,89468
695,167688
696,168248
697,253800
