2,153144
3,420340
4,79272
5,156412
6,163644
7,76184
8,73484
9,165492
10,76796
11,71472
12,80888
13,335084
14,151328
15,319056
16,242336
17,322160
18,407836
19,78696
20,73352
21,241764
22,417880
23,153592
24,79516
25,76072
26,77408
27,320344
28,334240
29,77584
30,417388
31,413672
32,80828
33,236792
34,76656
35,80984
36,82296
37,76212
38,79376
39,76964
40,404844
41,81444
42,79060
43,160988
44,247732
45,74400
46,77532
47,242620
48,78792
49,77148
50,75188
51,84872
52,157632
53,475460
54,79204
55,76796
56,79464
57,79860
58,157644
59,79920
60,407324
61,72224
62,75216
63,76996
64,163868
65,159600
66,156060
67,75988
68,77700
69,162892
70,242780
71,82232
72,83532
73,167764
74,159072
75,820312
76,79036
77,156040
78,81428
79,78144
80,76804
81,77304
82,82448
83,76076
84,81072
85,78796
86,79384
87,76824
88,79736
89,1087668
90,81448
91,83576
92,333960
93,235756
94,82524
95,243608
96,80116
97,77136
98,236980
99,77516
100,241648
101,77132
102,78748
103,78564
104,160788
105,238336
106,79480
107,81052
108,157748
109,78168
110,77916
111,151060
112,161624
113,396608
114,81172
115,75928
116,319692
117,83288
118,78768
119,80336
120,78492
121,80860
122,246140
123,246808
124,73684
125,80968
126,315288
127,157496
128,78604
129,80608
130,77320
131,78792
132,78996
133,233552
134,83348
135,166120
136,73356
137,73816
138,153568
139,819892
140,82088
141,79844
142,153532
143,80064
144,418520
145,79800
146,166796
147,79060
148,318708
149,78376
150,75072
151,75444
152,81696
153,251040
154,329112
155,260876
156,236820
157,169904
158,80296
159,244684
160,158560
161,77460
162,326076
163,77796
164,78836
165,150804
166,79268
167,595252
168,81100
169,160712
170,80644
171,76544
172,81536
173,86180
174,327612
175,152372
176,79460
177,81356
178,157800
179,244688
180,80892
181,72876
182,74336
183,325036
184,75800
185,77680
186,81488
187,78584
188,77044
189,78304
190,235592
191,77048
192,82412
193,80896
194,158420
195,82444
196,231884
197,78060
198,244316
199,158748
200,471004
201,77696
202,80800
203,80408
204,241408
205,83160
206,82660
207,80500
208,150984
209,150948
210,160056
211,484480
212,73612
213,78472
214,80000
215,79048
216,237236
217,81604
218,153464
219,79184
220,80020
221,155020
222,81872
223,411240
224,323072
225,79004
226,335284
227,247776
228,161784
229,74324
230,78648
231,318304
232,78028
233,73492
234,79012
235,80648
236,85100
237,243664
238,78652
239,78644
240,76972
241,156884
242,251464
243,78240
244,242920
245,76640
246,323412
247,79984
248,158148
249,79468
250,77140
251,77608
252,76156
253,158896
254,238808
255,157468
256,155996
257,72720
258,79432
259,163244
260,152248
261,72832
262,77900
263,82536
264,85336
265,162348
266,319768
267,165864
268,151144
269,77784
270,77552
271,81612
272,77184
273,75128
274,79808
275,159840
276,71996
277,78648
278,82848
279,77208
280,83780
281,496272
282,80160
283,78652
284,158096
285,80940
286,164876
287,156336
288,79388
289,163496
290,325356
291,77344
292,155328
293,77996
294,77932
295,79264
296,162700
297,80148
298,79476
299,563252
300,249140
301,246380
302,82832
303,165336
304,152188
305,79012
306,249004
307,73412
308,162412
309,76200
310,76780
311,162116
312,251444
313,82868
314,345552
315,154944
316,240780
317,162452
318,79188
319,75660
320,83196
321,240468
322,82548
323,239312
324,79976
325,79032
326,81696
327,79392
328,75360
329,79652
330,76980
331,245300
332,79072
333,77860
334,83376
335,79056
336,79664
337,162936
338,76604
339,78644
340,163444
341,84768
342,164264
343,81420
344,76844
345,80936
346,78012
347,80920
348,245960
349,78924
350,80188
351,80656
352,76100
353,74164
354,80044
355,414252
356,76264
357,75152
358,83536
359,341540
360,238716
361,86560
362,249336
363,238220
364,80716
365,75044
366,78628
367,83216
368,239904
369,154704
370,79980
371,487372
372,79688
373,164452
374,80372
375,752896
376,75772
377,80800
378,250300
379,77016
380,75308
381,153468
382,164892
383,237452
384,322280
385,392288
386,408408
387,158528
388,82448
389,81704
390,156332
391,74028
392,79316
393,77304
394,75540
395,76900
396,78732
397,85208
398,334600
399,80540
400,80616
401,74256
402,159604
403,74808
404,74956
405,79920
406,237172
407,319208
408,313688
409,78512
410,79428
411,81188
412,81276
413,164820
414,78936
415,79748
416,83724
417,489608
418,78072
419,76320
420,814728
421,77996
422,76884
423,242780
424,74956
425,72336
426,483156
427,83056
428,82628
429,82948
430,164420
431,73964
432,76588
433,243964
434,75280
435,74376
436,230748
437,159968
438,159440
439,74612
440,76108
441,77876
442,424792
443,83300
444,254900
445,330872
446,162896
447,503680
448,244532
449,160808
450,81896
451,82168
452,410076
453,75072
454,76144
455,76996
456,159532
457,75956
458,153732
459,80808
460,79216
461,159180
462,152352
463,79596
464,80960
465,340372
466,80908
467,77584
468,84772
469,663372
470,80968
471,245196
472,75420
473,154352
474,73760
475,79816
476,163164
477,489636
478,83836
479,161416
480,78540
481,79604
482,75636
483,80668
484,80780
485,160464
486,238800
487,86036
488,82604
489,327556
490,158116
491,76456
492,229692
493,77932
494,160392
495,74212
496,241568
497,162240
498,414688
499,79160
500,78548
501,78604
502,163716
503,170388
504,84576
505,233464
506,77536
507,157424
508,156376
509,78100
510,77652
511,73076
512,73384
513,75224
514,413932
515,74908
516,72924
517,407964
518,79980
519,80248
520,156304
521,77984
522,255456
523,162704
524,393908
525,74716
526,79972
527,161772
528,73240
529,78660
530,79536
531,156236
532,79108
533,78464
534,78112
535,242500
536,76076
537,76104
538,332888
539,159944
540,82156
541,77036
542,80132
543,84400
544,80808
545,79320
546,77124
547,169980
548,160928
549,157152
550,77872
551,75472
552,155240
553,409732
554,78660
555,78008
556,154988
557,76300
558,82292
559,162616
560,79240
561,79044
562,155780
563,158284
564,490932
565,80008
566,155828
567,157240
568,80624
569,75548
570,80448
571,241544
572,78736
573,76388
574,71984
575,78336
576,162964
577,78984
578,78144
579,78372
580,75396
581,406808
582,71812
583,150832
584,232044
585,77276
586,76936
587,78320
588,76448
589,157892
590,76004
591,79508
592,165624
593,239684
594,80960
595,673272
596,76880
597,78896
598,162608
599,79172
600,85564
601,79464
602,82120
603,249528
604,160216
605,159184
606,260672
607,639120
608,80240
609,151432
610,238512
611,77076
612,80060
613,73964
614,76560
615,83164
616,80096
617,81296
618,79908
619,77772
620,155236
621,76724
622,77076
623,159980
624,79656
625,79356
626,244204
627,154912
628,76096
629,243276
630,78504
631,326976
632,155852
633,244056
634,160092
635,82164
636,85992
637,82068
638,76928
639,73148
640,143592
641,74972
642,78708
643,79616
644,240544
645,254496
646,81832
647,81020
648,158172
649,77936
650,82484
651,154276
652,153896
653,71088
654,78380
655,79240
656,81532
657,79796
658,81272
659,399616
660,76416
661,77156
662,80964
663,81788
664,80224
665,77552
666,78356
667,156292
668,158792
669,79744
670,82268
671,239184
672,77728
673,240676
674,327120
675,252852
676,166016
677,248272
678,158340
679,73724
680,73232
681,78336
682,77820
683,256460
684,160560
685,239112
686,72420
687,75504
688,80088
689,72980
690,79920
691,323396
692,84352
693,82072
694,163676
695,326668
696,76308
697,77784
698,241416
699,242452
700,80988
701,161100
702,77084
703,78516
704,75268
705,154972
706,494808
707,78216
708,80808
709,82196
710,76268
711,76220
712,155024
713,78148
714,159468
715,154116
716,488752
717,78148
718,156124
719,79968
720,83532
721,75788
722,153012
723,78176
724,247472
725,160844
726,423856
727,490644
728,152792
729,324588
730,77776
731,77408
732,75488
733,79384
734,162612
735,76356
736,75216
737,400108
738,79728
739,79656
740,332796
741,158860
742,244968
743,81176
744,328300
745,166744
746,74328
747,79532
748,241540
749,72552
750,400316
751,78536
752,159096
753,80116
754,80304
755,76528
756,78800
757,81280
758,156452
759,78084
760,79648
761,79000
762,78240
763,77892
764,79064
765,153780
766,78396
767,330008
768,238180
769,247748
770,73932
771,80016
772,333108
773,75864
774,83388
775,77172
776,81016
777,409440
778,78104
779,160600
780,78560
781,162356
782,82872
783,412136
784,665048
785,78768
786,75320
787,307172
788,165076
789,75676
790,73480
791,75896
792,78480
793,83576
794,162592
795,81784
796,79660
797,251652
798,79352
799,80196
800,396496
801,71768
802,74272
803,162352
804,83560
805,82712
806,324268
807,226764
808,75084
809,239532
810,83076
811,161600
812,407400
813,77920
814,79892
815,79324
816,77392
817,77160
818,155080
819,78536
820,79948
821,328604
822,79596
823,322840
824,78648
825,80088
826,162176
827,153864