554,80460
555,77344
556,80396
557,82956
558,76276
559,79648
560,81212
561,82660
562,78140
563,81684
564,80692
565,81152
566,81900
567,81936
568,83336
569,83436
570,158424
571,83856
572,85508
573,81644
574,82132
575,163944
576,81088
577,162504
578,160724
579,79408
580,78448
581,164372
582,79052
583,75916
584,77192
585,155212
586,83580
587,324596
588,83108
589,162260
590,84644
591,83296
592,85896
593,79272
594,81596
595,84076
596,237520
597,82208
598,158992
599,84048
600,160060
601,78300
602,157348
603,83384
604,85588
605,242992
606,81580
607,76208
608,77620
609,80912
610,243796
611,84952
612,85708
613,81628
614,81396
615,78916
616,82436
617,82244
618,85516
619,165816
620,81320
621,76784
622,155468
623,166188
624,78804
625,80704
626,80748
627,81020
628,80324
629,79616
630,84740
631,78276
632,164940
633,516944
634,84668
635,157960
636,162968
637,80028
638,81136
639,83788
640,81824
641,241412
642,85316
643,88856
644,77692
645,83048
646,81352
647,244200
648,81028
649,158208
650,79560
651,82028
652,82568
653,160988
654,82204
655,237276
656,78916
657,79664
658,85292
659,78128
660,79004
661,78208
662,160396
663,76140
664,232124
665,160856
666,77532
667,81964
668,79260
669,80504
670,79616
671,80744
672,83644
673,78112
674,84644
675,81332
676,159860
677,84772
678,84392
679,79912
680,165888
681,79804
682,81820
683,151716
684,78740
685,85316
686,78260
687,156744
688,158624
689,82612
690,159496
691,153188
692,84772
693,84408
694,83964
695,82004
696,399016
697,78852
698,80728
699,82500
700,81476
701,154648
702,156672
703,164356
704,77728
705,157328
706,80036
707,401636
708,80200
709,165924
710,80820
711,83840
712,76236
713,243480
714,84920
715,158680
716,244072
717,82920
718,83500
719,81196
720,84120
721,82872
722,163844
723,80408
724,79944
725,81288
726,407244
727,77604
728,80088
729,83844
730,81540
731,78656
732,158272
733,154020
734,79816
735,81404
736,83156
737,158488
738,81572
739,83676
740,167648
741,79516
742,242900
743,81396
744,79012
745,82528
746,77984
747,239300
748,237596
749,80296
750,75836
751,77824
752,398544
753,81776
754,81488
755,244652
756,82068
757,246476
758,81780
759,162524
760,79424
761,83432
762,164032
763,78400
764,86176
765,84060
766,84364
767,81632
768,82948
769,159092
770,81500
771,230892
772,81532
773,81428
774,80120
775,79116
776,82696
777,164248
778,81900
779,156716
780,80564
781,81456
782,166104
783,83740
784,85224
785,246488
786,84440
787,83744
788,83684
789,81580
790,160892
791,83308
792,84540
793,82840
794,74920
795,155980
796,159996
797,84284
798,83288
799,84568
800,79780
801,164380
802,78944
803,159856
804,239992
805,249740
806,82688
807,79652
808,81176
809,165228
810,79164
811,81048
812,78328
813,83788
814,85372
815,84216
816,319968
817,79424
818,160096
819,163716
820,164280
821,81520
822,158772
823,83184
824,79408
825,84096
826,82444
827,83492
828,164660
829,169168
830,159900
831,83600
832,80188
833,247004
834,83512
835,79408
836,84404
837,407380
838,80420
839,82052
840,164192
841,166156
842,78356
843,160948
844,76588
845,77340
846,80560
847,81876
848,80000
849,82588
850,155312
851,84732
852,78648
853,80448
854,81108
855,81232
856,83148
857,84764
858,81256
859,78736
860,79872
861,250000
862,78176
863,87552
864,83048
865,80096
866,81576
867,77068
868,81444
869,156632
870,318268
871,83664
872,234724
873,78424
874,79032
875,77048
876,165892
877,85516
878,77172
879,81676
880,82212
881,163652
882,84732
883,84652
884,164512
885,171176
886,160204
887,82840
888,244600
889,82996
890,84704
891,79372
892,157216
893,82380
894,83204
895,86976
896,79308
897,79356
898,84948
899,85784
900,155984
901,82680
902,79996
903,79380
904,159104
905,320116
906,84968
907,156096
908,84192
909,246488
910,86812
911,81280
912,79156
913,82240
914,82536
915,77692
916,80108
917,82144
918,82356
919,173736
920,82208
921,83360
922,164228
923,83764
924,80692
925,237668
926,82356
927,82784
928,168684
929,83072
930,81592
931,79248
932,78196
933,83184
934,239808
935,163564
936,79432
937,85040
938,86484
939,237544
940,156904
941,82848
942,79008
943,85612
944,84088
945,78680
946,80896
947,83904
948,245132
949,81504
950,156380
951,77060
952,241880
953,84064
954,81332
955,160648
956,78168
957,79344
958,78996
959,158396
960,153676
961,82340
962,156056
963,84224
964,164928
965,80156
966,165448
967,163956
968,78380
969,83980
970,80484
971,243984
972,153772
973,79688
974,77576
975,240908
976,81644
977,79048
978,166312
979,84860
980,165916
981,158792
982,81960
983,166228
984,172416
985,85568
986,81516
987,80352
988,162736
989,79792
990,160628
991,162280
992,81784
993,79724
994,155932
995,169216
996,80236
997,82560
998,158616
999,79664
1000,153908
1001,159928
1002,153840
1003,82296
1004,80260
1005,236444
1006,82028
1007,328452
1008,159268
1009,160624
1010,85736
1011,84412
1012,78372
1013,82764
1014,81828
1015,81516
1016,81152
1017,248824
1018,82104
1019,80960
1020,78128
1021,81720
1022,85012
1023,80896
1024,78096
1025,84540
1026,80776
1027,236508
1028,164864
1029,158520
1030,86024
1031,251828
1032,86280
1033,83804
1034,237880
1035,161956
1036,84088
1037,85068
1038,80280
1039,83056
1040,83584
1041,162028
1042,82712
1043,83904
1044,80020
1045,168324
1046,85040
1047,80628
1048,85060
1049,87760
1050,84504
1051,162856
1052,83908
1053,158024
1054,83012
1055,159764
1056,164440
1057,323532
1058,84636
1059,158704
1060,82432
1061,240288
1062,159828
1063,86680
1064,164196
1065,81148
1066,240544
1067,84024
1068,79856
1069,80896
1070,87656
1071,83804
1072,86092
1073,159272
1074,165448
1075,84564
1076,84884
1077,83068
1078,85056
1079,86080
1080,170192
1081,80960
1082,155092
1083,84604
1084,157784
1085,80160
1086,85240
1087,247756
1088,161856
1089,82476
1090,162400
1091,82880
1092,85776
1093,163968
1094,82508
1095,320140
1096,82240
1097,82392
1098,83472
1099,245312
1100,242876
1101,79856
1102,247936
1103,84060
1104,85408
1105,86232
1106,85416
1107,78908
1108,237348
1109,78148
1110,162908
1111,83912
1112,85496
1113,162480
1114,162164
1115,84936
1116,318600
1117,160280
1118,161544
1119,84056
1120,167744
1121,164656
1122,252664
1123,83620
1124,86820
1125,84196
1126,81400
1127,162984
1128,171364
1129,80176
1130,319976
1131,161880
1132,80680
1133,85708
1134,168772
1135,84404
1136,85176
1137,86868
1138,84624
1139,82836
1140,165124
1141,84584
1142,168028
1143,82592
1144,86528
1145,165740
1146,84584
1147,160556
1148,80400
1149,247740
1150,161548
1151,82024
1152,82544
1153,325416
1154,160788
1155,492500
1156,164164
1157,84196
1158,84492
1159,84744
1160,82516
1161,84908
1162,160008
1163,81320
1164,84656
1165,83212
1166,77888
1167,162416
1168,79752
1169,77736
1170,88836
1171,87124
1172,163312
1173,80044
1174,241964
1175,161424
1176,84028
1177,172688
1178,79556
1179,83344
1180,81244
1181,82852
1182,318820
1183,171744
1184,80860
1185,163988
1186,241132
1187,86244
1188,85104
1189,78548
1190,87048
1191,254932
1192,80744
1193,161848
1194,82416
1195,164144
1196,86236
1197,82472
1198,81488
1199,79964
1200,162576
1201,162536
1202,80792
1203,86064
1204,84268
1205,163028
1206,242008
1207,79808
1208,85112
1209,83072
1210,82908
1211,165404
1212,163944
1213,495964
1214,78668
1215,86380
1216,83852
1217,165832
1218,82896
1219,82656
1220,83000
1221,165144
1222,83540
1223,82352
1224,86336
1225,81908
1226,83500
1227,161548
1228,84744
1229,243588
1230,251172
1231,84996
1232,244732
1233,164544
1234,80080
1235,82252
1236,162064
1237,158648
1238,86136
1239,80620
1240,80628
1241,82152
1242,85784
1243,81096
1244,168548
1245,84208
1246,80948
1247,171188
1248,80336
1249,158700
1250,161176
1251,242180
1252,158112
1253,80220
1254,85380
1255,82328
1256,166068
1257,79400
1258,78296
1259,81740
1260,78136
1261,250492
1262,78880
1263,248664
1264,84756
1265,84140
1266,86832
1267,78984
1268,85024
1269,82576
1270,241556
1271,82880
1272,167612
1273,83516
1274,80824
1275,81072
1276,83496
1277,81780
1278,168760
1279,79696
1280,78100
1281,81908
1282,82948
1283,324116
1284,86308
1285,76680
1286,76604
1287,161096
1288,81632
1289,76248
1290,244180
1291,80560
1292,79588
1293,77500
1294,76660
1295,161196
1296,82892
1297,87352
1298,82216
1299,83024
1300,244088
1301,85836
1302,258004
1303,241464
1304,243044
1305,78100
1306,83924
1307,82032
1308,82148
1309,159420
1310,79840
1311,158752
1312,168276
1313,86148
1314,155892
1315,83624
1316,167984
1317,322380
1318,159396
1319,83028
1320,87408
1321,162256
1322,166524
1323,163740
1324,160896
1325,84204
1326,237880
1327,82552
1328,165548
1329,483688
1330,79308
1331,81348
1332,81160
1333,82912
1334,78812
1335,80788
1336,82572
1337,169044
1338,163092
1339,83744
1340,82792
1341,84912
1342,84684
1343,86996
1344,78508
1345,322160
1346,80968
1347,238000
1348,84860
1349,499540
1350,412076
1351,245352
1352,82568
1353,83904
1354,78724
1355,86008
1356,167596
1357,495352
1358,237152
1359,83456
1360,81872
1361,250944
1362,162404
1363,91164
1364,90320
1365,85200
1366,245772
1367,85092
1368,165748
1369,78732
1370,85744
1371,78772
1372,83112
1373,238948
1374,87348
1375,80608
1376,84344
1377,80968
1378,81392
1379,82732
1380,85912
1381,84024
1382,327608
1383,82872
1384,84404
1385,248680
1386,78328
1387,254572
1388,81400
1389,82764
1390,83052
1391,330604
1392,86288
1393,84644
1394,85276
1395,167724
1396,164332
1397,402984
1398,245580
1399,81416